-8.000000000000000383e-04
-7.992000000000000189e-04
-7.983999999999999994e-04
-7.976000000000000884e-04
-7.968000000000000690e-04
-7.960000000000000495e-04
-7.952000000000000301e-04
-7.944000000000000106e-04
-7.935999999999999912e-04
-7.928000000000000802e-04
-7.920000000000000607e-04
-7.912000000000000413e-04
-7.904000000000000218e-04
-7.896000000000000024e-04
-7.888000000000000914e-04
-7.880000000000000719e-04
-7.872000000000000525e-04
-7.864000000000000330e-04
-7.856000000000000136e-04
-7.847999999999999941e-04
-7.840000000000000831e-04
-7.832000000000000637e-04
-7.824000000000000442e-04
-7.816000000000000248e-04
-7.808000000000000053e-04
-7.800000000000000943e-04
-7.792000000000000749e-04
-7.784000000000000554e-04
-7.776000000000000360e-04
-7.768000000000000165e-04
-7.759999999999999971e-04
-7.752000000000000860e-04
-7.744000000000000666e-04
-7.736000000000000472e-04
-7.728000000000000277e-04
-7.720000000000000083e-04
-7.711999999999999888e-04
-7.704000000000000778e-04
-7.696000000000000583e-04
-7.688000000000000389e-04
-7.680000000000000195e-04
-7.672000000000000000e-04
-7.664000000000000890e-04
-7.656000000000000695e-04
-7.648000000000000501e-04
-7.640000000000000306e-04
-7.632000000000000112e-04
-7.623999999999999918e-04
-7.616000000000000807e-04
-7.608000000000000613e-04
-7.600000000000000418e-04
-7.592000000000000224e-04
-7.584000000000000030e-04
-7.575999999999999835e-04
-7.568000000000000725e-04
-7.560000000000000530e-04
-7.552000000000000336e-04
-7.544000000000000141e-04
-7.535999999999999947e-04
-7.528000000000000837e-04
-7.520000000000000642e-04
-7.512000000000000448e-04
-7.504000000000000253e-04
-7.496000000000000059e-04
-7.487999999999999864e-04
-7.480000000000000754e-04
-7.472000000000000560e-04
-7.464000000000000365e-04
-7.456000000000000171e-04
-7.447999999999999976e-04
-7.440000000000000866e-04
-7.432000000000000672e-04
-7.424000000000000477e-04
-7.416000000000000283e-04
-7.408000000000000088e-04
-7.399999999999999894e-04
-7.392000000000000784e-04
-7.384000000000000589e-04
-7.376000000000000395e-04
-7.368000000000000200e-04
-7.360000000000000006e-04
-7.352000000000000896e-04
-7.344000000000000701e-04
-7.336000000000000507e-04
-7.328000000000000312e-04
-7.320000000000000118e-04
-7.311999999999999923e-04
-7.304000000000000813e-04
-7.296000000000000619e-04
-7.288000000000000424e-04
-7.280000000000000230e-04
-7.272000000000000035e-04
-7.264000000000000925e-04
-7.256000000000000730e-04
-7.248000000000000536e-04
-7.240000000000000342e-04
-7.232000000000000147e-04
-7.223999999999999953e-04
-7.216000000000000842e-04
-7.208000000000000648e-04
-7.200000000000000453e-04
-7.192000000000000259e-04
-7.184000000000000065e-04
-7.176000000000000954e-04
-7.168000000000000760e-04
-7.160000000000000565e-04
-7.152000000000000371e-04
-7.144000000000000176e-04
-7.135999999999999982e-04
-7.128000000000000872e-04
-7.120000000000000677e-04
-7.112000000000000483e-04
-7.104000000000000288e-04
-7.096000000000000094e-04
-7.088000000000000984e-04
-7.080000000000000789e-04
-7.072000000000000595e-04
-7.064000000000000400e-04
-7.056000000000000206e-04
-7.048000000000000011e-04
-7.039999999999999817e-04
-7.032000000000000707e-04
-7.024000000000000512e-04
-7.016000000000000318e-04
-7.008000000000000123e-04
-7.000000000000001013e-04
-6.992000000000000819e-04
-6.984000000000000624e-04
-6.976000000000000430e-04
-6.968000000000000235e-04
-6.960000000000000041e-04
-6.951999999999999846e-04
-6.944000000000000736e-04
-6.936000000000000542e-04
-6.928000000000000347e-04
-6.920000000000000153e-04
-6.912000000000001042e-04
-6.904000000000000848e-04
-6.896000000000000654e-04
-6.888000000000000459e-04
-6.880000000000000265e-04
-6.872000000000000070e-04
-6.863999999999999876e-04
-6.856000000000000765e-04
-6.848000000000000571e-04
-6.840000000000000377e-04
-6.832000000000000182e-04
-6.823999999999999988e-04
-6.816000000000000877e-04
-6.808000000000000683e-04
-6.800000000000000488e-04
-6.792000000000000294e-04
-6.784000000000000100e-04
-6.775999999999999905e-04
-6.768000000000000795e-04
-6.760000000000000600e-04
-6.752000000000000406e-04
-6.744000000000000212e-04
-6.736000000000001101e-04
-6.728000000000000907e-04
-6.720000000000000712e-04
-6.712000000000000518e-04
-6.704000000000000323e-04
-6.696000000000000129e-04
-6.687999999999999935e-04
-6.680000000000000824e-04
-6.672000000000000630e-04
-6.664000000000000435e-04
-6.656000000000000241e-04
-6.648000000000000046e-04
-6.640000000000000936e-04
-6.632000000000000742e-04
-6.624000000000000547e-04
-6.616000000000000353e-04
-6.608000000000000158e-04
-6.599999999999999964e-04
-6.591999999999999769e-04
-6.584000000000000659e-04
-6.576000000000000465e-04
-6.568000000000000270e-04
-6.560000000000000076e-04
-6.552000000000000966e-04
-6.544000000000000771e-04
-6.536000000000000577e-04
-6.528000000000000382e-04
-6.520000000000000188e-04
-6.511999999999999993e-04
-6.503999999999999799e-04
-6.496000000000000689e-04
-6.488000000000000494e-04
-6.480000000000000300e-04
-6.472000000000000105e-04
-6.464000000000000995e-04
-6.456000000000000801e-04
-6.448000000000000606e-04
-6.440000000000000412e-04
-6.432000000000000217e-04
-6.424000000000000023e-04
-6.415999999999999828e-04
-6.408000000000000718e-04
-6.400000000000000524e-04
-6.392000000000000329e-04
-6.384000000000000135e-04
-6.376000000000001024e-04
-6.368000000000000830e-04
-6.360000000000000635e-04
-6.352000000000000441e-04
-6.344000000000000247e-04
-6.336000000000000052e-04
-6.327999999999999858e-04
-6.320000000000000747e-04
-6.312000000000000553e-04
-6.304000000000000358e-04
-6.296000000000000164e-04
-6.288000000000001054e-04
-6.280000000000000859e-04
-6.272000000000000665e-04
-6.264000000000000470e-04
-6.256000000000000276e-04
-6.248000000000000081e-04
-6.239999999999999887e-04
-6.232000000000000777e-04
-6.224000000000000582e-04
-6.216000000000000388e-04
-6.208000000000000193e-04
-6.200000000000001083e-04
-6.192000000000000889e-04
-6.184000000000000694e-04
-6.176000000000000500e-04
-6.168000000000000305e-04
-6.160000000000000111e-04
-6.151999999999999916e-04
-6.144000000000000806e-04
-6.136000000000000612e-04
-6.128000000000000417e-04
-6.120000000000000223e-04
-6.112000000000001113e-04
-6.104000000000000918e-04
-6.096000000000000724e-04
-6.088000000000000529e-04
-6.080000000000000335e-04
-6.072000000000000140e-04
-6.063999999999999946e-04
-6.056000000000000836e-04
-6.048000000000000641e-04
-6.040000000000000447e-04
-6.032000000000000252e-04
-6.024000000000001142e-04
-6.016000000000000947e-04
-6.008000000000000753e-04
-6.000000000000000559e-04
-5.992000000000000364e-04
-5.984000000000000170e-04
-5.975999999999999975e-04
-5.968000000000000865e-04
-5.960000000000000671e-04
-5.952000000000000476e-04
-5.944000000000000282e-04
-5.936000000000000087e-04
-5.928000000000000977e-04
-5.920000000000000782e-04
-5.912000000000000588e-04
-5.904000000000000394e-04
-5.896000000000000199e-04
-5.888000000000000005e-04
-5.879999999999999810e-04
-5.872000000000000700e-04
-5.864000000000000505e-04
-5.856000000000000311e-04
-5.848000000000000117e-04
-5.840000000000001006e-04
-5.832000000000000812e-04
-5.824000000000000617e-04
-5.816000000000000423e-04
-5.808000000000000228e-04
-5.800000000000000034e-04
-5.791999999999999840e-04
-5.784000000000000729e-04
-5.776000000000000535e-04
-5.768000000000000340e-04
-5.760000000000000146e-04
-5.752000000000001036e-04
-5.744000000000000841e-04
-5.736000000000000647e-04
-5.728000000000000452e-04
-5.720000000000000258e-04
-5.712000000000000063e-04
-5.703999999999999869e-04
-5.696000000000000759e-04
-5.688000000000000564e-04
-5.680000000000000370e-04
-5.672000000000000175e-04
-5.664000000000001065e-04
-5.656000000000000871e-04
-5.648000000000000676e-04
-5.640000000000000482e-04
-5.632000000000000287e-04
-5.624000000000000093e-04
-5.615999999999999898e-04
-5.608000000000000788e-04
-5.600000000000000594e-04
-5.592000000000000399e-04
-5.584000000000000205e-04
-5.576000000000001094e-04
-5.568000000000000900e-04
-5.560000000000000706e-04
-5.552000000000000511e-04
-5.544000000000000317e-04
-5.536000000000000122e-04
-5.527999999999999928e-04
-5.519999999999999733e-04
-5.512000000000000623e-04
-5.504000000000000429e-04
-5.496000000000000234e-04
-5.488000000000001124e-04
-5.480000000000000929e-04
-5.472000000000000735e-04
-5.464000000000000540e-04
-5.456000000000000346e-04
-5.448000000000000152e-04
-5.439999999999999957e-04
-5.431999999999999763e-04
-5.424000000000000652e-04
-5.416000000000000458e-04
-5.408000000000000263e-04
-5.400000000000001153e-04
-5.392000000000000959e-04
-5.384000000000000764e-04
-5.376000000000000570e-04
-5.368000000000000375e-04
-5.360000000000000181e-04
-5.351999999999999987e-04
-5.343999999999999792e-04
-5.336000000000000682e-04
-5.328000000000000487e-04
-5.320000000000000293e-04
-5.312000000000001183e-04
-5.304000000000000988e-04
-5.296000000000000794e-04
-5.288000000000000599e-04
-5.280000000000000405e-04
-5.272000000000000210e-04
-5.264000000000000016e-04
-5.255999999999999821e-04
-5.248000000000000711e-04
-5.240000000000000517e-04
-5.232000000000000322e-04
-5.224000000000001212e-04
-5.216000000000001018e-04
-5.208000000000000823e-04
-5.200000000000000629e-04
-5.192000000000000434e-04
-5.184000000000000240e-04
-5.176000000000000045e-04
-5.167999999999999851e-04
-5.160000000000000741e-04
-5.152000000000000546e-04
-5.144000000000000352e-04
-5.136000000000001241e-04
-5.128000000000001047e-04
-5.120000000000000853e-04
-5.112000000000000658e-04
-5.104000000000000464e-04
-5.096000000000000269e-04
-5.088000000000000075e-04
-5.079999999999999880e-04
-5.072000000000000770e-04
-5.064000000000000576e-04
-5.056000000000000381e-04
-5.048000000000001271e-04
-5.040000000000001076e-04
-5.032000000000000882e-04
-5.024000000000000687e-04
-5.016000000000000493e-04
-5.008000000000000299e-04
-5.000000000000000104e-04
-4.991999999999999910e-04
-4.983999999999999715e-04
-4.976000000000000605e-04
-4.968000000000000410e-04
-4.960000000000001300e-04
-4.952000000000001106e-04
-4.944000000000000911e-04
-4.936000000000000717e-04
-4.928000000000000522e-04
-4.920000000000000328e-04
-4.912000000000000133e-04
-4.903999999999999939e-04
-4.895999999999999745e-04
-4.888000000000000634e-04
-4.880000000000000440e-04
-4.872000000000000788e-04
-4.864000000000000593e-04
-4.856000000000000399e-04
-4.848000000000000746e-04
-4.840000000000000552e-04
-4.832000000000000357e-04
-4.824000000000000705e-04
-4.816000000000000511e-04
-4.808000000000000316e-04
-4.800000000000000664e-04
-4.792000000000000469e-04
-4.784000000000000275e-04
-4.776000000000000622e-04
-4.768000000000000428e-04
-4.760000000000000776e-04
-4.752000000000000581e-04
-4.744000000000000387e-04
-4.736000000000000734e-04
-4.728000000000000540e-04
-4.720000000000000345e-04
-4.712000000000000693e-04
-4.704000000000000499e-04
-4.696000000000000304e-04
-4.688000000000000652e-04
-4.680000000000000457e-04
-4.672000000000000805e-04
-4.664000000000000611e-04
-4.656000000000000416e-04
-4.648000000000000764e-04
-4.640000000000000569e-04
-4.632000000000000375e-04
-4.624000000000000722e-04
-4.616000000000000528e-04
-4.608000000000000334e-04
-4.600000000000000681e-04
-4.592000000000000487e-04
-4.584000000000000292e-04
-4.576000000000000640e-04
-4.568000000000000446e-04
-4.560000000000000793e-04
-4.552000000000000599e-04
-4.544000000000000404e-04
-4.536000000000000752e-04
-4.528000000000000557e-04
-4.520000000000000363e-04
-4.512000000000000711e-04
-4.504000000000000516e-04
-4.496000000000000322e-04
-4.488000000000000669e-04
-4.480000000000000475e-04
-4.472000000000000280e-04
-4.464000000000000628e-04
-4.456000000000000434e-04
-4.448000000000000781e-04
-4.440000000000000587e-04
-4.432000000000000392e-04
-4.424000000000000740e-04
-4.416000000000000546e-04
-4.408000000000000351e-04
-4.400000000000000699e-04
-4.392000000000000504e-04
-4.384000000000000310e-04
-4.376000000000000657e-04
-4.368000000000000463e-04
-4.360000000000000811e-04
-4.352000000000000616e-04
-4.344000000000000422e-04
-4.336000000000000769e-04
-4.328000000000000575e-04
-4.320000000000000380e-04
-4.312000000000000728e-04
-4.304000000000000534e-04
-4.296000000000000339e-04
-4.288000000000000687e-04
-4.280000000000000492e-04
-4.272000000000000298e-04
-4.264000000000000646e-04
-4.256000000000000451e-04
-4.248000000000000799e-04
-4.240000000000000604e-04
-4.232000000000000410e-04
-4.224000000000000758e-04
-4.216000000000000563e-04
-4.208000000000000369e-04
-4.200000000000000716e-04
-4.192000000000000522e-04
-4.184000000000000327e-04
-4.176000000000000675e-04
-4.168000000000000481e-04
-4.160000000000000286e-04
-4.152000000000000634e-04
-4.144000000000000439e-04
-4.136000000000000787e-04
-4.128000000000000592e-04
-4.120000000000000398e-04
-4.112000000000000746e-04
-4.104000000000000551e-04
-4.096000000000000357e-04
-4.088000000000000704e-04
-4.080000000000000510e-04
-4.072000000000000315e-04
-4.064000000000000663e-04
-4.056000000000000469e-04
-4.048000000000000816e-04
-4.040000000000000622e-04
-4.032000000000000427e-04
-4.024000000000000775e-04
-4.016000000000000581e-04
-4.008000000000000386e-04
-4.000000000000000734e-04
-3.992000000000000539e-04
-3.984000000000000345e-04
-3.976000000000000693e-04
-3.968000000000000498e-04
-3.960000000000000304e-04
-3.952000000000000651e-04
-3.944000000000000457e-04
-3.936000000000000804e-04
-3.928000000000000610e-04
-3.920000000000000416e-04
-3.912000000000000763e-04
-3.904000000000000569e-04
-3.896000000000000374e-04
-3.888000000000000722e-04
-3.880000000000000527e-04
-3.872000000000000333e-04
-3.864000000000000681e-04
-3.856000000000000486e-04
-3.848000000000000834e-04
-3.840000000000000639e-04
-3.832000000000000445e-04
-3.824000000000000793e-04
-3.816000000000000598e-04
-3.808000000000000404e-04
-3.800000000000000751e-04
-3.792000000000000557e-04
-3.784000000000000362e-04
-3.776000000000000710e-04
-3.768000000000000516e-04
-3.760000000000000321e-04
-3.752000000000000669e-04
-3.744000000000000474e-04
-3.736000000000000822e-04
-3.728000000000000628e-04
-3.720000000000000433e-04
-3.712000000000000781e-04
-3.704000000000000586e-04
-3.696000000000000392e-04
-3.688000000000000739e-04
-3.680000000000000545e-04
-3.672000000000000351e-04
-3.664000000000000698e-04
-3.656000000000000504e-04
-3.648000000000000851e-04
-3.640000000000000657e-04
-3.632000000000000462e-04
-3.624000000000000810e-04
-3.616000000000000616e-04
-3.608000000000000421e-04
-3.600000000000000769e-04
-3.592000000000000574e-04
-3.584000000000000380e-04
-3.576000000000000728e-04
-3.568000000000000533e-04
-3.560000000000000339e-04
-3.552000000000000686e-04
-3.544000000000000492e-04
-3.536000000000000839e-04
-3.528000000000000645e-04
-3.520000000000000451e-04
-3.512000000000000798e-04
-3.504000000000000604e-04
-3.496000000000000409e-04
-3.488000000000000757e-04
-3.480000000000000563e-04
-3.472000000000000368e-04
-3.464000000000000716e-04
-3.456000000000000521e-04
-3.448000000000000327e-04
-3.440000000000000674e-04
-3.432000000000000480e-04
-3.424000000000000828e-04
-3.416000000000000633e-04
-3.408000000000000439e-04
-3.400000000000000786e-04
-3.392000000000000592e-04
-3.384000000000000397e-04
-3.376000000000000745e-04
-3.368000000000000551e-04
-3.360000000000000356e-04
-3.352000000000000704e-04
-3.344000000000000509e-04
-3.336000000000000857e-04
-3.328000000000000663e-04
-3.320000000000000468e-04
-3.312000000000000816e-04
-3.304000000000000621e-04
-3.296000000000000427e-04
-3.288000000000000774e-04
-3.280000000000000580e-04
-3.272000000000000386e-04
-3.264000000000000733e-04
-3.256000000000000539e-04
-3.248000000000000344e-04
-3.240000000000000692e-04
-3.232000000000000497e-04
-3.224000000000000845e-04
-3.216000000000000651e-04
-3.208000000000000456e-04
-3.200000000000000804e-04
-3.192000000000000609e-04
-3.184000000000000415e-04
-3.176000000000000763e-04
-3.168000000000000568e-04
-3.160000000000000374e-04
-3.152000000000000721e-04
-3.144000000000000527e-04
-3.136000000000000332e-04
-3.128000000000000680e-04
-3.120000000000000486e-04
-3.112000000000000833e-04
-3.104000000000000639e-04
-3.096000000000000444e-04
-3.088000000000000250e-04
-3.080000000000001140e-04
-3.072000000000000945e-04
-3.064000000000000751e-04
-3.056000000000000556e-04
-3.048000000000000362e-04
-3.040000000000000167e-04
-3.032000000000001057e-04
-3.024000000000000863e-04
-3.016000000000000668e-04
-3.008000000000000474e-04
-3.000000000000000279e-04
-2.992000000000000085e-04
-2.984000000000000975e-04
-2.976000000000000780e-04
-2.968000000000000586e-04
-2.960000000000000391e-04
-2.952000000000000197e-04
-2.944000000000001087e-04
-2.936000000000000892e-04
-2.928000000000000698e-04
-2.920000000000000503e-04
-2.912000000000000309e-04
-2.904000000000000114e-04
-2.896000000000001004e-04
-2.888000000000000810e-04
-2.880000000000000615e-04
-2.872000000000000421e-04
-2.864000000000000226e-04
-2.856000000000001116e-04
-2.848000000000000921e-04
-2.840000000000000727e-04
-2.832000000000000533e-04
-2.824000000000000338e-04
-2.816000000000000144e-04
-2.808000000000001033e-04
-2.800000000000000839e-04
-2.792000000000000644e-04
-2.784000000000000450e-04
-2.776000000000000256e-04
-2.768000000000001145e-04
-2.760000000000000951e-04
-2.752000000000000756e-04
-2.744000000000000562e-04
-2.736000000000000367e-04
-2.728000000000000173e-04
-2.720000000000001063e-04
-2.712000000000000868e-04
-2.704000000000000674e-04
-2.696000000000000479e-04
-2.688000000000000285e-04
-2.680000000000000090e-04
-2.672000000000000980e-04
-2.664000000000000786e-04
-2.656000000000000591e-04
-2.648000000000000397e-04
-2.640000000000000202e-04
-2.632000000000001092e-04
-2.624000000000000898e-04
-2.616000000000000703e-04
-2.608000000000000509e-04
-2.600000000000000314e-04
-2.592000000000000120e-04
-2.584000000000001010e-04
-2.576000000000000815e-04
-2.568000000000000621e-04
-2.560000000000000426e-04
-2.552000000000000232e-04
-2.544000000000001122e-04
-2.536000000000000927e-04
-2.528000000000000733e-04
-2.520000000000000538e-04
-2.512000000000000344e-04
-2.504000000000000149e-04
-2.496000000000001039e-04
-2.488000000000000845e-04
-2.480000000000000650e-04
-2.472000000000000456e-04
-2.464000000000000261e-04
-2.456000000000001151e-04
-2.448000000000000956e-04
-2.440000000000000762e-04
-2.432000000000000568e-04
-2.424000000000000373e-04
-2.416000000000000179e-04
-2.408000000000001068e-04
-2.400000000000000874e-04
-2.392000000000000679e-04
-2.384000000000000485e-04
-2.376000000000000291e-04
-2.368000000000000096e-04
-2.360000000000000986e-04
-2.352000000000000791e-04
-2.344000000000000597e-04
-2.336000000000000403e-04
-2.328000000000000208e-04
-2.320000000000001098e-04
-2.312000000000000903e-04
-2.304000000000000709e-04
-2.296000000000000514e-04
-2.288000000000000320e-04
-2.280000000000000126e-04
-2.272000000000001015e-04
-2.264000000000000821e-04
-2.256000000000000626e-04
-2.248000000000000432e-04
-2.240000000000000237e-04
-2.232000000000001127e-04
-2.224000000000000933e-04
-2.216000000000000738e-04
-2.208000000000000544e-04
-2.200000000000000349e-04
-2.192000000000000155e-04
-2.184000000000001045e-04
-2.176000000000000850e-04
-2.168000000000000656e-04
-2.160000000000000461e-04
-2.152000000000000267e-04
-2.144000000000001157e-04
-2.136000000000000962e-04
-2.128000000000000768e-04
-2.120000000000000573e-04
-2.112000000000000379e-04
-2.104000000000000184e-04
-2.096000000000001074e-04
-2.088000000000000880e-04
-2.080000000000000685e-04
-2.072000000000000491e-04
-2.064000000000000296e-04
-2.056000000000001186e-04
-2.048000000000000992e-04
-2.040000000000000797e-04
-2.032000000000000603e-04
-2.024000000000000408e-04
-2.016000000000000214e-04
-2.008000000000001103e-04
-2.000000000000000909e-04
-1.992000000000000715e-04
-1.984000000000000520e-04
-1.976000000000000326e-04
-1.968000000000000131e-04
-1.960000000000001021e-04
-1.952000000000000826e-04
-1.944000000000000632e-04
-1.936000000000000438e-04
-1.928000000000000243e-04
-1.920000000000001133e-04
-1.912000000000000938e-04
-1.904000000000000744e-04
-1.896000000000000549e-04
-1.888000000000000355e-04
-1.880000000000000161e-04
-1.872000000000001050e-04
-1.864000000000000856e-04
-1.856000000000000661e-04
-1.848000000000000467e-04
-1.840000000000000272e-04
-1.832000000000001162e-04
-1.824000000000000968e-04
-1.816000000000000773e-04
-1.808000000000000579e-04
-1.800000000000000384e-04
-1.792000000000000190e-04
-1.784000000000001080e-04
-1.776000000000000885e-04
-1.768000000000000691e-04
-1.760000000000000496e-04
-1.752000000000000302e-04
-1.744000000000001192e-04
-1.736000000000000997e-04
-1.728000000000000803e-04
-1.720000000000000608e-04
-1.712000000000000414e-04
-1.704000000000000219e-04
-1.696000000000001109e-04
-1.688000000000000915e-04
-1.680000000000000720e-04
-1.672000000000000526e-04
-1.664000000000000331e-04
-1.656000000000000137e-04
-1.648000000000001027e-04
-1.640000000000000832e-04
-1.632000000000000638e-04
-1.624000000000000443e-04
-1.616000000000000249e-04
-1.608000000000001138e-04
-1.600000000000000944e-04
-1.592000000000000750e-04
-1.584000000000000555e-04
-1.576000000000000361e-04
-1.568000000000000166e-04
-1.560000000000001056e-04
-1.552000000000000862e-04
-1.544000000000000667e-04
-1.536000000000000473e-04
-1.528000000000000278e-04
-1.520000000000001168e-04
-1.512000000000000973e-04
-1.504000000000000779e-04
-1.496000000000000585e-04
-1.488000000000000390e-04
-1.480000000000000196e-04
-1.472000000000001085e-04
-1.464000000000000891e-04
-1.456000000000000696e-04
-1.448000000000000502e-04
-1.440000000000000308e-04
-1.432000000000001197e-04
-1.424000000000001003e-04
-1.416000000000000808e-04
-1.408000000000000614e-04
-1.400000000000000419e-04
-1.392000000000000225e-04
-1.384000000000001115e-04
-1.376000000000000920e-04
-1.368000000000000726e-04
-1.360000000000000531e-04
-1.352000000000000337e-04
-1.344000000000001227e-04
-1.336000000000001032e-04
-1.328000000000000838e-04
-1.320000000000000643e-04
-1.312000000000000449e-04
-1.304000000000000254e-04
-1.296000000000001144e-04
-1.288000000000000950e-04
-1.280000000000000755e-04
-1.272000000000000561e-04
-1.264000000000000366e-04
-1.256000000000000172e-04
-1.248000000000001062e-04
-1.240000000000000867e-04
-1.232000000000000673e-04
-1.224000000000000478e-04
-1.216000000000000284e-04
-1.208000000000001174e-04
-1.200000000000000979e-04
-1.192000000000000785e-04
-1.184000000000000590e-04
-1.176000000000000396e-04
-1.168000000000000201e-04
-1.160000000000001091e-04
-1.152000000000000897e-04
-1.144000000000000702e-04
-1.136000000000000508e-04
-1.128000000000000313e-04
-1.120000000000001203e-04
-1.112000000000001008e-04
-1.104000000000000814e-04
-1.096000000000000620e-04
-1.088000000000000425e-04
-1.080000000000000231e-04
-1.072000000000001120e-04
-1.064000000000000926e-04
-1.056000000000000731e-04
-1.048000000000000537e-04
-1.040000000000000343e-04
-1.032000000000001232e-04
-1.024000000000001038e-04
-1.016000000000000843e-04
-1.008000000000000649e-04
-1.000000000000000454e-04
-9.920000000000002600e-05
-9.840000000000011498e-05
-9.760000000000009553e-05
-9.680000000000007609e-05
-9.600000000000005664e-05
-9.520000000000003720e-05
-9.440000000000001775e-05
-9.360000000000010673e-05
-9.280000000000008728e-05
-9.200000000000006783e-05
-9.120000000000004839e-05
-9.040000000000002894e-05
-8.960000000000011792e-05
-8.880000000000009847e-05
-8.800000000000007903e-05
-8.720000000000005958e-05
-8.640000000000004014e-05
-8.560000000000002069e-05
-8.480000000000010967e-05
-8.400000000000009022e-05
-8.320000000000007077e-05
-8.240000000000005133e-05
-8.160000000000003188e-05
-8.080000000000012086e-05
-8.000000000000010141e-05
-7.920000000000008197e-05
-7.840000000000006252e-05
-7.760000000000004308e-05
-7.680000000000002363e-05
-7.600000000000011260e-05
-7.520000000000009316e-05
-7.440000000000007371e-05
-7.360000000000005427e-05
-7.280000000000003482e-05
-7.200000000000012380e-05
-7.120000000000010435e-05
-7.040000000000008491e-05
-6.960000000000006546e-05
-6.880000000000004601e-05
-6.800000000000002657e-05
-6.720000000000011554e-05
-6.640000000000009610e-05
-6.560000000000007665e-05
-6.480000000000005721e-05
-6.400000000000003776e-05
-6.320000000000001832e-05
-6.240000000000010729e-05
-6.160000000000008785e-05
-6.080000000000006840e-05
-6.000000000000004895e-05
-5.920000000000002951e-05
-5.840000000000011848e-05
-5.760000000000009904e-05
-5.680000000000007959e-05
-5.600000000000006015e-05
-5.520000000000004070e-05
-5.440000000000002126e-05
-5.360000000000011023e-05
-5.280000000000009078e-05
-5.200000000000007134e-05
-5.120000000000005189e-05
-5.040000000000003245e-05
-4.960000000000012142e-05
-4.880000000000010198e-05
-4.800000000000008253e-05
-4.720000000000006309e-05
-4.640000000000004364e-05
-4.560000000000002419e-05
-4.480000000000011317e-05
-4.400000000000009372e-05
-4.320000000000007428e-05
-4.240000000000005483e-05
-4.160000000000003539e-05
-4.080000000000012436e-05
-4.000000000000010492e-05
-3.920000000000008547e-05
-3.840000000000006602e-05
-3.760000000000004658e-05
-3.680000000000002713e-05
-3.600000000000011611e-05
-3.520000000000009666e-05
-3.440000000000007722e-05
-3.360000000000005777e-05
-3.280000000000003833e-05
-3.200000000000001888e-05
-3.120000000000010786e-05
-3.040000000000008841e-05
-2.960000000000006896e-05
-2.880000000000004952e-05
-2.800000000000003007e-05
-2.720000000000011905e-05
-2.640000000000009960e-05
-2.560000000000008016e-05
-2.480000000000006071e-05
-2.400000000000004127e-05
-2.320000000000002182e-05
-2.240000000000011079e-05
-2.160000000000009135e-05
-2.080000000000007190e-05
-2.000000000000005246e-05
-1.920000000000003301e-05
-1.840000000000012199e-05
-1.760000000000010254e-05
-1.680000000000008310e-05
-1.600000000000006365e-05
-1.520000000000004420e-05
-1.440000000000002476e-05
-1.360000000000011373e-05
-1.280000000000009429e-05
-1.200000000000007484e-05
-1.120000000000005540e-05
-1.040000000000003595e-05
-9.600000000000124926e-06
-8.800000000000105481e-06
-8.000000000000086035e-06
-7.200000000000066590e-06
-6.400000000000047144e-06
-5.600000000000027699e-06
-4.800000000000116673e-06
-4.000000000000097228e-06
-3.200000000000077782e-06
-2.400000000000058337e-06
-1.600000000000038891e-06
-8.000000000001278658e-07
-1.084202172485504434e-19
7.999999999999110253e-07
1.599999999999930471e-06
2.399999999999949916e-06
3.199999999999969362e-06
3.999999999999880387e-06
4.799999999999899833e-06
5.599999999999919278e-06
6.399999999999938724e-06
7.199999999999958170e-06
7.999999999999977615e-06
8.799999999999888640e-06
9.599999999999908086e-06
1.039999999999992753e-05
1.119999999999994698e-05
1.199999999999996642e-05
1.279999999999987745e-05
1.359999999999989689e-05
1.439999999999991634e-05
1.519999999999993578e-05
1.599999999999995523e-05
1.679999999999997468e-05
1.759999999999988570e-05
1.839999999999990515e-05
1.919999999999992459e-05
1.999999999999994404e-05
2.079999999999996348e-05
2.159999999999987451e-05
2.239999999999989395e-05
2.319999999999991340e-05
2.399999999999993285e-05
2.479999999999995229e-05
2.559999999999997174e-05
2.639999999999988276e-05
2.719999999999990221e-05
2.799999999999992165e-05
2.879999999999994110e-05
2.959999999999996054e-05
3.039999999999987157e-05
3.119999999999989101e-05
3.199999999999991046e-05
3.279999999999992991e-05
3.359999999999994935e-05
3.439999999999996880e-05
3.519999999999987982e-05
3.599999999999989927e-05
3.679999999999991871e-05
3.759999999999993816e-05
3.839999999999995760e-05
3.919999999999997705e-05
3.999999999999988808e-05
4.079999999999990752e-05
4.159999999999992697e-05
4.239999999999994641e-05
4.319999999999996586e-05
4.399999999999987688e-05
4.479999999999989633e-05
4.559999999999991577e-05
4.639999999999993522e-05
4.719999999999995467e-05
4.799999999999997411e-05
4.879999999999988514e-05
4.959999999999990458e-05
5.039999999999992403e-05
5.119999999999994347e-05
5.199999999999996292e-05
5.279999999999987394e-05
5.359999999999989339e-05
5.439999999999991284e-05
5.519999999999993228e-05
5.599999999999995173e-05
5.679999999999997117e-05
5.759999999999988220e-05
5.839999999999990164e-05
5.919999999999992109e-05
5.999999999999994053e-05
6.079999999999995998e-05
6.159999999999987100e-05
6.239999999999989045e-05
6.319999999999990990e-05
6.399999999999992934e-05
6.479999999999994879e-05
6.559999999999996823e-05
6.639999999999987926e-05
6.719999999999989870e-05
6.799999999999991815e-05
6.879999999999993759e-05
6.959999999999995704e-05
7.039999999999986807e-05
7.119999999999988751e-05
7.199999999999990696e-05
7.279999999999992640e-05
7.359999999999994585e-05
7.439999999999996529e-05
7.519999999999987632e-05
7.599999999999989576e-05
7.679999999999991521e-05
7.759999999999993466e-05
7.839999999999995410e-05
7.919999999999997355e-05
7.999999999999988457e-05
8.079999999999990402e-05
8.159999999999992346e-05
8.239999999999994291e-05
8.319999999999996235e-05
8.399999999999987338e-05
8.479999999999989282e-05
8.559999999999991227e-05
8.639999999999993172e-05
8.719999999999995116e-05
8.799999999999997061e-05
8.879999999999988163e-05
8.959999999999990108e-05
9.039999999999992052e-05
9.119999999999993997e-05
9.199999999999995941e-05
9.279999999999987044e-05
9.359999999999988989e-05
9.439999999999990933e-05
9.519999999999992878e-05
9.599999999999994822e-05
9.679999999999996767e-05
9.759999999999987869e-05
9.839999999999989814e-05
9.919999999999991758e-05
9.999999999999993703e-05
1.007999999999999565e-04
1.015999999999998675e-04
1.023999999999998869e-04
1.031999999999999064e-04
1.039999999999999258e-04
1.047999999999999453e-04
1.055999999999999647e-04
1.063999999999998758e-04
1.071999999999998952e-04
1.079999999999999146e-04
1.087999999999999341e-04
1.095999999999999535e-04
1.103999999999999730e-04
1.111999999999998840e-04
1.119999999999999035e-04
1.127999999999999229e-04
1.135999999999999423e-04
1.143999999999999618e-04
1.151999999999998728e-04
1.159999999999998923e-04
1.167999999999999117e-04
1.175999999999999312e-04
1.183999999999999506e-04
1.191999999999999700e-04
1.199999999999998811e-04
1.207999999999999005e-04
1.215999999999999200e-04
1.223999999999999394e-04
1.231999999999999588e-04
1.239999999999998699e-04
1.247999999999998893e-04
1.255999999999999088e-04
1.263999999999999282e-04
1.271999999999999477e-04
1.279999999999999671e-04
1.287999999999998781e-04
1.295999999999998976e-04
1.303999999999999170e-04
1.311999999999999365e-04
1.319999999999999559e-04
1.327999999999998669e-04
1.335999999999998864e-04
1.343999999999999058e-04
1.351999999999999253e-04
1.359999999999999447e-04
1.367999999999999642e-04
1.375999999999998752e-04
1.383999999999998946e-04
1.391999999999999141e-04
1.399999999999999335e-04
1.407999999999999530e-04
1.415999999999999724e-04
1.423999999999998834e-04
1.431999999999999029e-04
1.439999999999999223e-04
1.447999999999999418e-04
1.455999999999999612e-04
1.463999999999998722e-04
1.471999999999998917e-04
1.479999999999999111e-04
1.487999999999999306e-04
1.495999999999999500e-04
1.503999999999999695e-04
1.511999999999998805e-04
1.519999999999998999e-04
1.527999999999999194e-04
1.535999999999999388e-04
1.543999999999999583e-04
1.551999999999998693e-04
1.559999999999998888e-04
1.567999999999999082e-04
1.575999999999999276e-04
1.583999999999999471e-04
1.591999999999999665e-04
1.599999999999998776e-04
1.607999999999998970e-04
1.615999999999999165e-04
1.623999999999999359e-04
1.631999999999999553e-04
1.639999999999998664e-04
1.647999999999998858e-04
1.655999999999999053e-04
1.663999999999999247e-04
1.671999999999999442e-04
1.679999999999999636e-04
1.687999999999998746e-04
1.695999999999998941e-04
1.703999999999999135e-04
1.711999999999999330e-04
1.719999999999999524e-04
1.727999999999999719e-04
1.735999999999998829e-04
1.743999999999999023e-04
1.751999999999999218e-04
1.759999999999999412e-04
1.767999999999998522e-04
1.775999999999998717e-04
1.783999999999998911e-04
1.791999999999999106e-04
1.799999999999999300e-04
1.807999999999999495e-04
1.815999999999999689e-04
1.823999999999999884e-04
1.832000000000000078e-04
1.839999999999998104e-04
1.847999999999998299e-04
1.855999999999998493e-04
1.863999999999998687e-04
1.871999999999998882e-04
1.879999999999999076e-04
1.887999999999999271e-04
1.895999999999999465e-04
1.903999999999999660e-04
1.911999999999999854e-04
1.920000000000000049e-04
1.928000000000000243e-04
1.935999999999998269e-04
1.943999999999998464e-04
1.951999999999998658e-04
1.959999999999998853e-04
1.967999999999999047e-04
1.975999999999999241e-04
1.983999999999999436e-04
1.991999999999999630e-04
1.999999999999999825e-04
2.008000000000000019e-04
2.016000000000000214e-04
2.023999999999998240e-04
2.031999999999998434e-04
2.039999999999998629e-04
2.047999999999998823e-04
2.055999999999999018e-04
2.063999999999999212e-04
2.071999999999999406e-04
2.079999999999999601e-04
2.087999999999999795e-04
2.095999999999999990e-04
2.104000000000000184e-04
2.111999999999998210e-04
2.119999999999998405e-04
2.127999999999998599e-04
2.135999999999998794e-04
2.143999999999998988e-04
2.151999999999999183e-04
2.159999999999999377e-04
2.167999999999999572e-04
2.175999999999999766e-04
2.183999999999999960e-04
2.192000000000000155e-04
2.199999999999998181e-04
2.207999999999998375e-04
2.215999999999998570e-04
2.223999999999998764e-04
2.231999999999998959e-04
2.239999999999999153e-04
2.247999999999999348e-04
2.255999999999999542e-04
2.263999999999999737e-04
2.271999999999999931e-04
2.280000000000000126e-04
2.287999999999998152e-04
2.295999999999998346e-04
2.303999999999998540e-04
2.311999999999998735e-04
2.319999999999998929e-04
2.327999999999999124e-04
2.335999999999999318e-04
2.343999999999999513e-04
2.351999999999999707e-04
2.359999999999999902e-04
2.368000000000000096e-04
2.375999999999998122e-04
2.383999999999998317e-04
2.391999999999998511e-04
2.399999999999998706e-04
2.407999999999998900e-04
2.415999999999999094e-04
2.423999999999999289e-04
2.431999999999999483e-04
2.439999999999999678e-04
2.447999999999999872e-04
2.456000000000000067e-04
2.463999999999998093e-04
2.471999999999998287e-04
2.479999999999998482e-04
2.487999999999998676e-04
2.495999999999998871e-04
2.503999999999999065e-04
2.511999999999999260e-04
2.519999999999999454e-04
2.527999999999999648e-04
2.535999999999999843e-04
2.544000000000000037e-04
2.551999999999998063e-04
2.559999999999998258e-04
2.567999999999998452e-04
2.575999999999998647e-04
2.583999999999998841e-04
2.591999999999999036e-04
2.599999999999999230e-04
2.607999999999999425e-04
2.615999999999999619e-04
2.623999999999999813e-04
2.632000000000000008e-04
2.640000000000000202e-04
2.647999999999998228e-04
2.655999999999998423e-04
2.663999999999998617e-04
2.671999999999998812e-04
2.679999999999999006e-04
2.687999999999999201e-04
2.695999999999999395e-04
2.703999999999999590e-04
2.711999999999999784e-04
2.719999999999999979e-04
2.728000000000000173e-04
2.735999999999998199e-04
2.743999999999998394e-04
2.751999999999998588e-04
2.759999999999998782e-04
2.767999999999998977e-04
2.775999999999999171e-04
2.783999999999999366e-04
2.791999999999999560e-04
2.799999999999999755e-04
2.807999999999999949e-04
2.816000000000000144e-04
2.823999999999998170e-04
2.831999999999998364e-04
2.839999999999998559e-04
2.847999999999998753e-04
2.855999999999998947e-04
2.863999999999999142e-04
2.871999999999999336e-04
2.879999999999999531e-04
2.887999999999999725e-04
2.895999999999999920e-04
2.904000000000000114e-04
2.911999999999998140e-04
2.919999999999998335e-04
2.927999999999998529e-04
2.935999999999998724e-04
2.943999999999998918e-04
2.951999999999999113e-04
2.959999999999999307e-04
2.967999999999999501e-04
2.975999999999999696e-04
2.983999999999999890e-04
2.992000000000000085e-04
2.999999999999998111e-04
3.007999999999998305e-04
3.015999999999998500e-04
3.023999999999998694e-04
3.031999999999998889e-04
3.039999999999999083e-04
3.047999999999999278e-04
3.055999999999999472e-04
3.063999999999999667e-04
3.071999999999999861e-04
3.080000000000000055e-04
3.087999999999998081e-04
3.095999999999998276e-04
3.103999999999998470e-04
3.111999999999998665e-04
3.119999999999998859e-04
3.127999999999999054e-04
3.135999999999999248e-04
3.143999999999999443e-04
3.151999999999999637e-04
3.159999999999999832e-04
3.168000000000000026e-04
3.175999999999998052e-04
3.183999999999998247e-04
3.191999999999998441e-04
3.199999999999998635e-04
3.207999999999998830e-04
3.215999999999999024e-04
3.223999999999999219e-04
3.231999999999999413e-04
3.239999999999999608e-04
3.247999999999999802e-04
3.255999999999999997e-04
3.264000000000000191e-04
3.271999999999998217e-04
3.279999999999998412e-04
3.287999999999998606e-04
3.295999999999998801e-04
3.303999999999998995e-04
3.311999999999999189e-04
3.319999999999999384e-04
3.327999999999999578e-04
3.335999999999999773e-04
3.343999999999999967e-04
3.352000000000000162e-04
3.359999999999998188e-04
3.367999999999998382e-04
3.375999999999998577e-04
3.383999999999998771e-04
3.391999999999998966e-04
3.399999999999999160e-04
3.407999999999999355e-04
3.415999999999999549e-04
3.423999999999999743e-04
3.431999999999999938e-04
3.440000000000000132e-04
3.447999999999998158e-04
3.455999999999998353e-04
3.463999999999998547e-04
3.471999999999998742e-04
3.479999999999998936e-04
3.487999999999999131e-04
3.495999999999999325e-04
3.503999999999999520e-04
3.511999999999999714e-04
3.519999999999999908e-04
3.528000000000000103e-04
3.535999999999998129e-04
3.543999999999998323e-04
3.551999999999998518e-04
3.559999999999998712e-04
3.567999999999998907e-04
3.575999999999999101e-04
3.583999999999999296e-04
3.591999999999999490e-04
3.599999999999999685e-04
3.607999999999999879e-04
3.616000000000000074e-04
3.623999999999998100e-04
3.631999999999998294e-04
3.639999999999998489e-04
3.647999999999998683e-04
3.655999999999998877e-04
3.663999999999999072e-04
3.671999999999999266e-04
3.679999999999999461e-04
3.687999999999999655e-04
3.695999999999999850e-04
3.704000000000000044e-04
3.711999999999998070e-04
3.719999999999998265e-04
3.727999999999998459e-04
3.735999999999998654e-04
3.743999999999998848e-04
3.751999999999999042e-04
3.759999999999999237e-04
3.767999999999999431e-04
3.775999999999999626e-04
3.783999999999999820e-04
3.792000000000000015e-04
3.799999999999998041e-04
3.807999999999998235e-04
3.815999999999998430e-04
3.823999999999998624e-04
3.831999999999998819e-04
3.839999999999999013e-04
3.847999999999999208e-04
3.855999999999999402e-04
3.863999999999999596e-04
3.871999999999999791e-04
3.879999999999999985e-04
3.887999999999998011e-04
3.895999999999998206e-04
3.903999999999998400e-04
3.911999999999998595e-04
3.919999999999998789e-04
3.927999999999998984e-04
3.935999999999999178e-04
3.943999999999999373e-04
3.951999999999999567e-04
3.959999999999999762e-04
3.967999999999999956e-04
3.976000000000000150e-04
3.983999999999998176e-04
3.991999999999998371e-04
3.999999999999998565e-04
4.007999999999998760e-04
4.015999999999998954e-04
4.023999999999999149e-04
4.031999999999999343e-04
4.039999999999999538e-04
4.047999999999999732e-04
4.055999999999999927e-04
4.064000000000000121e-04
4.071999999999998147e-04
4.079999999999998342e-04
4.087999999999998536e-04
4.095999999999998730e-04
4.103999999999998925e-04
4.111999999999999119e-04
4.119999999999999314e-04
4.127999999999999508e-04
4.135999999999999703e-04
4.143999999999999897e-04
4.152000000000000092e-04
4.159999999999998118e-04
4.167999999999998312e-04
4.175999999999998507e-04
4.183999999999998701e-04
4.191999999999998896e-04
4.199999999999999090e-04
4.207999999999999284e-04
4.215999999999999479e-04
4.223999999999999673e-04
4.231999999999999868e-04
4.240000000000000062e-04
4.247999999999998088e-04
4.255999999999998283e-04
4.263999999999998477e-04
4.271999999999998672e-04
4.279999999999998866e-04
4.287999999999999061e-04
4.295999999999999255e-04
4.303999999999999449e-04
4.311999999999999644e-04
4.319999999999999838e-04
4.328000000000000033e-04
4.335999999999998059e-04
4.343999999999998253e-04
4.351999999999998448e-04
4.359999999999998642e-04
4.367999999999998837e-04
4.375999999999999031e-04
4.383999999999999226e-04
4.391999999999999420e-04
4.399999999999999615e-04
4.407999999999999809e-04
4.416000000000000003e-04
4.423999999999998030e-04
4.431999999999998224e-04
4.439999999999998418e-04
4.447999999999998613e-04
4.455999999999998807e-04
4.463999999999999002e-04
4.471999999999999196e-04
4.479999999999999391e-04
4.487999999999999585e-04
4.495999999999999780e-04
4.503999999999999974e-04
4.511999999999998000e-04
4.519999999999998195e-04
4.527999999999998389e-04
4.535999999999998583e-04
4.543999999999998778e-04
4.551999999999998972e-04
4.559999999999999167e-04
4.567999999999999361e-04
4.575999999999999556e-04
4.583999999999999750e-04
4.591999999999999945e-04
4.599999999999997971e-04
4.607999999999998165e-04
4.615999999999998360e-04
4.623999999999998554e-04
4.631999999999998749e-04
4.639999999999998943e-04
4.647999999999999137e-04
4.655999999999999332e-04
4.663999999999999526e-04
4.671999999999999721e-04
4.679999999999999915e-04
4.688000000000000110e-04
4.695999999999998136e-04
4.703999999999998330e-04
4.711999999999998525e-04
4.719999999999998719e-04
4.727999999999998914e-04
4.735999999999999108e-04
4.743999999999999303e-04
4.751999999999999497e-04
4.759999999999999691e-04
4.767999999999999886e-04
4.776000000000000080e-04
4.783999999999998106e-04
4.791999999999998301e-04
4.799999999999998495e-04
4.807999999999998690e-04
4.815999999999998884e-04
4.823999999999999079e-04
4.831999999999999273e-04
4.839999999999999468e-04
4.847999999999999662e-04
4.855999999999999856e-04
4.864000000000000051e-04
4.871999999999998077e-04
4.879999999999998271e-04
4.887999999999998466e-04
4.895999999999998660e-04
4.903999999999998855e-04
4.911999999999999049e-04
4.919999999999999244e-04
4.927999999999999438e-04
4.935999999999999633e-04
4.943999999999999827e-04
4.952000000000000022e-04
4.959999999999998048e-04
4.967999999999998242e-04
4.975999999999998437e-04
4.983999999999998631e-04
4.991999999999998825e-04
4.999999999999999020e-04
5.007999999999999214e-04
5.015999999999999409e-04
5.023999999999999603e-04
5.031999999999999798e-04
5.039999999999999992e-04
5.047999999999998018e-04
5.055999999999998213e-04
5.063999999999998407e-04
5.071999999999998602e-04
5.079999999999998796e-04
5.087999999999998990e-04
5.095999999999999185e-04
5.103999999999999379e-04
5.111999999999999574e-04
5.119999999999999768e-04
5.127999999999999963e-04
5.135999999999997989e-04
5.143999999999998183e-04
5.151999999999998378e-04
5.159999999999998572e-04
5.167999999999998767e-04
5.175999999999998961e-04
5.183999999999999156e-04
5.191999999999999350e-04
5.199999999999999544e-04
5.207999999999999739e-04
5.215999999999999933e-04
5.223999999999997959e-04
5.231999999999998154e-04
5.239999999999998348e-04
5.247999999999998543e-04
5.255999999999998737e-04
5.263999999999998932e-04
5.271999999999999126e-04
5.279999999999999321e-04
5.287999999999999515e-04
5.295999999999999710e-04
5.303999999999999904e-04
5.311999999999997930e-04
5.319999999999998124e-04
5.327999999999998319e-04
5.335999999999998513e-04
5.343999999999998708e-04
5.351999999999998902e-04
5.359999999999999097e-04
5.367999999999999291e-04
5.375999999999999486e-04
5.383999999999999680e-04
5.391999999999999875e-04
5.400000000000000069e-04
5.407999999999998095e-04
5.415999999999998290e-04
5.423999999999998484e-04
5.431999999999998678e-04
5.439999999999998873e-04
5.447999999999999067e-04
5.455999999999999262e-04
5.463999999999999456e-04
5.471999999999999651e-04
5.479999999999999845e-04
5.488000000000000040e-04
5.495999999999998066e-04
5.503999999999998260e-04
5.511999999999998455e-04
5.519999999999998649e-04
5.527999999999998844e-04
5.535999999999999038e-04
5.543999999999999232e-04
5.551999999999999427e-04
5.559999999999999621e-04
5.567999999999999816e-04
5.576000000000000010e-04
5.583999999999998036e-04
5.591999999999998231e-04
5.599999999999998425e-04
5.607999999999998620e-04
5.615999999999998814e-04
5.623999999999999009e-04
5.631999999999999203e-04
5.639999999999999397e-04
5.647999999999999592e-04
5.655999999999999786e-04
5.663999999999999981e-04
5.671999999999998007e-04
5.679999999999998201e-04
5.687999999999998396e-04
5.695999999999998590e-04
5.703999999999998785e-04
5.711999999999998979e-04
5.719999999999999174e-04
5.727999999999999368e-04
5.735999999999999563e-04
5.743999999999999757e-04
5.751999999999999951e-04
5.759999999999997978e-04
5.767999999999998172e-04
5.775999999999998366e-04
5.783999999999998561e-04
5.791999999999998755e-04
5.799999999999998950e-04
5.807999999999999144e-04
5.815999999999999339e-04
5.823999999999999533e-04
5.831999999999999728e-04
5.839999999999999922e-04
5.847999999999997948e-04
5.855999999999998143e-04
5.863999999999998337e-04
5.871999999999998531e-04
5.879999999999998726e-04
5.887999999999998920e-04
5.895999999999999115e-04
5.903999999999999309e-04
5.911999999999999504e-04
5.919999999999999698e-04
5.927999999999999893e-04
5.935999999999997919e-04
5.943999999999998113e-04
5.951999999999998308e-04
5.959999999999998502e-04
5.967999999999998697e-04
5.975999999999998891e-04
5.983999999999999085e-04
5.991999999999999280e-04
5.999999999999999474e-04
6.007999999999999669e-04
6.015999999999999863e-04
6.024000000000000058e-04
6.031999999999998084e-04
6.039999999999998278e-04
6.047999999999998473e-04
6.055999999999998667e-04
6.063999999999998862e-04
6.071999999999999056e-04
6.079999999999999251e-04
6.087999999999999445e-04
6.095999999999999639e-04
6.103999999999999834e-04
6.112000000000000028e-04
6.119999999999998054e-04
6.127999999999998249e-04
6.135999999999998443e-04
6.143999999999998638e-04
6.151999999999998832e-04
6.159999999999999027e-04
6.167999999999999221e-04
6.175999999999999416e-04
6.183999999999999610e-04
6.191999999999999805e-04
6.199999999999999999e-04
6.207999999999998025e-04
6.215999999999998219e-04
6.223999999999998414e-04
6.231999999999998608e-04
6.239999999999998803e-04
6.247999999999998997e-04
6.255999999999999192e-04
6.263999999999999386e-04
6.271999999999999581e-04
6.279999999999999775e-04
6.287999999999999970e-04
6.295999999999997996e-04
6.303999999999998190e-04
6.311999999999998385e-04
6.319999999999998579e-04
6.327999999999998773e-04
6.335999999999998968e-04
6.343999999999999162e-04
6.351999999999999357e-04
6.359999999999999551e-04
6.367999999999999746e-04
6.375999999999999940e-04
6.383999999999997966e-04
6.391999999999998161e-04
6.399999999999998355e-04
6.407999999999998550e-04
6.415999999999998744e-04
6.423999999999998939e-04
6.431999999999999133e-04
6.439999999999999327e-04
6.447999999999999522e-04
6.455999999999999716e-04
6.463999999999999911e-04
6.471999999999997937e-04
6.479999999999998131e-04
6.487999999999998326e-04
6.495999999999998520e-04
6.503999999999998715e-04
6.511999999999998909e-04
6.519999999999999104e-04
6.527999999999999298e-04
6.535999999999999492e-04
6.543999999999999687e-04
6.551999999999999881e-04
6.559999999999997907e-04
6.567999999999998102e-04
6.575999999999998296e-04
6.583999999999998491e-04
6.591999999999998685e-04
6.599999999999998880e-04
6.607999999999999074e-04
6.615999999999999269e-04
6.623999999999999463e-04
6.631999999999999658e-04
6.639999999999999852e-04
6.647999999999997878e-04
6.655999999999998073e-04
6.663999999999998267e-04
6.671999999999998461e-04
6.679999999999998656e-04
6.687999999999998850e-04
6.695999999999999045e-04
6.703999999999999239e-04
6.711999999999999434e-04
6.719999999999999628e-04
6.727999999999999823e-04
6.736000000000000017e-04
6.743999999999998043e-04
6.751999999999998238e-04
6.759999999999998432e-04
6.767999999999998626e-04
6.775999999999998821e-04
6.783999999999999015e-04
6.791999999999999210e-04
6.799999999999999404e-04
6.807999999999999599e-04
6.815999999999999793e-04
6.823999999999999988e-04
6.831999999999998014e-04
6.839999999999998208e-04
6.847999999999998403e-04
6.855999999999998597e-04
6.863999999999998792e-04
6.871999999999998986e-04
6.879999999999999180e-04
6.887999999999999375e-04
6.895999999999999569e-04
6.903999999999999764e-04
6.911999999999999958e-04
6.919999999999997984e-04
6.927999999999998179e-04
6.935999999999998373e-04
6.943999999999998568e-04
6.951999999999998762e-04
6.959999999999998957e-04
6.967999999999999151e-04
6.975999999999999346e-04
6.983999999999999540e-04
6.991999999999999734e-04
6.999999999999999929e-04
7.007999999999997955e-04
7.015999999999998149e-04
7.023999999999998344e-04
7.031999999999998538e-04
7.039999999999998733e-04
7.047999999999998927e-04
7.055999999999999122e-04
7.063999999999999316e-04
7.071999999999999511e-04
7.079999999999999705e-04
7.087999999999999899e-04
7.095999999999997926e-04
7.103999999999998120e-04
7.111999999999998314e-04
7.119999999999998509e-04
7.127999999999998703e-04
7.135999999999998898e-04
7.143999999999999092e-04
7.151999999999999287e-04
7.159999999999999481e-04
7.167999999999999676e-04
7.175999999999999870e-04
7.183999999999997896e-04
7.191999999999998091e-04
7.199999999999998285e-04
7.207999999999998480e-04
7.215999999999998674e-04
7.223999999999998868e-04
7.231999999999999063e-04
7.239999999999999257e-04
7.247999999999999452e-04
7.255999999999999646e-04
7.263999999999999841e-04
7.271999999999997867e-04
7.279999999999998061e-04
7.287999999999998256e-04
7.295999999999998450e-04
7.303999999999998645e-04
7.311999999999998839e-04
7.319999999999999033e-04
7.327999999999999228e-04
7.335999999999999422e-04
7.343999999999999617e-04
7.351999999999999811e-04
7.360000000000000006e-04
7.367999999999998032e-04
7.375999999999998226e-04
7.383999999999998421e-04
7.391999999999998615e-04
7.399999999999998810e-04
7.407999999999999004e-04
7.415999999999999199e-04
7.423999999999999393e-04
7.431999999999999587e-04
7.439999999999999782e-04
7.447999999999999976e-04
7.455999999999998002e-04
7.463999999999998197e-04
7.471999999999998391e-04
7.479999999999998586e-04
7.487999999999998780e-04
7.495999999999998975e-04
7.503999999999999169e-04
7.511999999999999364e-04
7.519999999999999558e-04
7.527999999999999753e-04
7.535999999999999947e-04
7.543999999999997973e-04
7.551999999999998167e-04
7.559999999999998362e-04
7.567999999999998556e-04
7.575999999999998751e-04
7.583999999999998945e-04
7.591999999999999140e-04
7.599999999999999334e-04
7.607999999999999529e-04
7.615999999999999723e-04
7.623999999999999918e-04
7.631999999999997944e-04
7.639999999999998138e-04
7.647999999999998333e-04
7.655999999999998527e-04
7.663999999999998721e-04
7.671999999999998916e-04
7.679999999999999110e-04
7.687999999999999305e-04
7.695999999999999499e-04
7.703999999999999694e-04
7.711999999999999888e-04
7.719999999999997914e-04
7.727999999999998109e-04
7.735999999999998303e-04
7.743999999999998498e-04
7.751999999999998692e-04
7.759999999999998887e-04
7.767999999999999081e-04
7.775999999999999275e-04
7.783999999999999470e-04
7.791999999999999664e-04
7.799999999999999859e-04
7.807999999999997885e-04
7.815999999999998079e-04
7.823999999999998274e-04
7.831999999999998468e-04
7.839999999999998663e-04
7.847999999999998857e-04
7.855999999999999052e-04
7.863999999999999246e-04
7.871999999999999440e-04
7.879999999999999635e-04
7.887999999999999829e-04
7.895999999999997855e-04
7.903999999999998050e-04
7.911999999999998244e-04
7.919999999999998439e-04
7.927999999999998633e-04
7.935999999999998828e-04
7.943999999999999022e-04
7.951999999999999217e-04
7.959999999999999411e-04
7.967999999999999606e-04
7.975999999999999800e-04
7.983999999999997826e-04
7.991999999999998021e-04
